0,412
0,411
0,410
0,409
0,408
0,407
0,406
0,405
0,404
0,403
0,402
0,401
0,400
0,399
0,398
0,397
0,396
0,395
0,394
0,393
0,392
0,391
0,390
0,389
0,388
0,387
0,386
0,385
0,384
0,319
0,318
0,317
0,316
32,4
32,3
32,2
32,1
32,0
31,6
31,5
31,4
31,3
31,2
31,1
31,0
30,4
30,3
30,2
30,1
30,0
29,4
29,3
29,2
29,1
29,0
0,273
0,270
28,4
28,3
28,2
28,1
28,0
0,283
0,243
27,4
27,3
27,2
27,1
27,0
26,4
26,3
26,2
0,9
26,1
26,0
3,2
10,177
10,259
10,183
10,225
10,171
10,175
10,2
10,3
11,16
11,15
11,8
9,5
9,2
9,3
8,17
8,15
8,8
